# (MpC, Arb. units). Upper 95% containment in MpC: 0.9
1.000000000000000056e-01 2.346767512984616042e+04
1.111079805989232394e-01 2.342381869117753740e+04
1.234498335277069980e-01 2.337509833450606675e+04
1.371626170853677273e-01 2.332098296283405216e+04
1.523986139801857265e-01 2.326088266447156275e+04
1.693270224541326696e-01 2.319414277520528412e+04
1.881358352570721149e-01 2.312003665397742225e+04
2.090339273370498407e-01 2.303776175866220728e+04
2.322533754308165610e-01 2.294639217804138389e+04
2.580520353140160483e-01 2.284494693529350479e+04
2.867164053318234651e-01 2.273239395191907897e+04
3.185648080100124679e-01 2.260750473022698861e+04
3.539509250787617467e-01 2.246882222302028822e+04
3.932677251662198281e-01 2.231451796990275034e+04
4.369518277795102490e-01 2.214218193060566773e+04
4.854883520358986293e-01 2.194842796823841491e+04
5.394163039900784495e-01 2.172899560874985036e+04
5.993345623847251558e-01 2.147821497469193491e+04
6.659085292970617909e-01 2.118872175815089213e+04
7.398775195379544423e-01 2.085068153953100045e+04
8.220629708640246891e-01 2.044998784903498381e+04
9.133775661785326072e-01 1.996510211152845659e+04
1.014835369024561063e+00 1.936315832684874113e+04
1.127563084926820114e+00 1.859758939030830879e+04
1.252812573641111982e+00 1.761106956980941322e+04
1.391974751262037291e+00 1.634737149268116264e+04
1.546595036574133886e+00 1.477239384471136327e+04
1.718390513180698909e+00 1.289840065592891187e+04
1.909268997998547990e+00 1.079973008621954068e+04
2.121350227877482286e+00 8.608243625756704205e+03
2.356989399625326609e+00 6.486016077308157037e+03
2.618803324854385828e+00 4.584375267189536316e+03
2.909699490103167197e+00 3.011064559200192434e+03
3.232908344950794266e+00 1.815474965373958412e+03
3.592019176688900028e+00 9.783209778498156766e+02
3.991019969945104329e+00 4.600320486718930511e+02
4.434341693905757609e+00 1.899659750601708481e+02
4.926907508954771586e+00 7.395569823126619724e+01
5.474187439176361636e+00 2.980069825198959776e+01
6.082259117868763276e+00 1.289573772400849272e+01
6.757875280657863470e+00 6.058384227447850989e+00
7.508538755732770298e+00 2.944123336217089548e+00
8.342585783982197967e+00 1.576512749339951780e+00
9.269278594315466080e+00 8.922789475083838795e-01
1.029890826223216926e+01 5.147637186182760782e-01
1.144290899390182403e+01 3.081851313655268321e-01
1.271398510489687261e+01 1.812903615710538541e-01
1.412625210369881046e+01 1.095721200620392716e-01
1.569539344673266434e+01 6.423676870421310414e-02
1.743883470572038519e+01 3.562763115804709613e-02
1.937593708151010574e+01 1.945790101807068698e-02
2.152821241338382663e+01 1.111217742391793634e-02
2.391956207155746839e+01 6.797562079363828058e-03
2.657654238581347883e+01 4.390026815135787859e-03
2.952865955789426167e+01 2.832085745918783582e-03
3.280869733270722577e+01 1.709791268724217793e-03
3.645308106718379548e+01 9.907362463129024566e-04
4.050228223983634734e+01 5.850593655905420758e-04
4.500126789315846310e+01 3.881080429254750962e-04
4.999999999999999289e+01 2.999657231245532029e-04
