# (MpC, Arb. units). Upper 95% containment in MpC: 36.6
1.000000000000000056e-01 1.000000000000000000e+00
1.111079805989232394e-01 9.993644139014694616e-01
1.234498335277069980e-01 9.986614227386636511e-01
1.371626170853677273e-01 9.978840754491028475e-01
1.523986139801857265e-01 9.970244666326661953e-01
1.693270224541326696e-01 9.960734518974025953e-01
1.881358352570721149e-01 9.950202521696103197e-01
2.090339273370498407e-01 9.938520406594252288e-01
2.322533754308165610e-01 9.925529215186901233e-01
2.580520353140160483e-01 9.911049995663571144e-01
2.867164053318234651e-01 9.894891854816354471e-01
3.185648080100124679e-01 9.876852127790514135e-01
3.539509250787617467e-01 9.856754492556170089e-01
3.932677251662198281e-01 9.834492615044241326e-01
4.369518277795102490e-01 9.810077202242829530e-01
4.854883520358986293e-01 9.783639321347085138e-01
5.394163039900784495e-01 9.755480131352833872e-01
5.993345623847251558e-01 9.725937655539735882e-01
6.659085292970617909e-01 9.695232478426443201e-01
7.398775195379544423e-01 9.663247298855174305e-01
8.220629708640246891e-01 9.629277599887154926e-01
9.133775661785326072e-01 9.591804196484779998e-01
1.014835369024561063e+00 9.548349610266739784e-01
1.127563084926820114e+00 9.495502251250924619e-01
1.252812573641111982e+00 9.429206186800493938e-01
1.391974751262037291e+00 9.345345878740652923e-01
1.546595036574133886e+00 9.241045166922231546e-01
1.718390513180698909e+00 9.115104101855454610e-01
1.909268997998547990e+00 8.968465014002579005e-01
2.121350227877482286e+00 8.799628364346959719e-01
2.356989399625326609e+00 8.616456609296290203e-01
2.618803324854385828e+00 8.420393110043046248e-01
2.909699490103167197e+00 8.214625476016611527e-01
3.232908344950794266e+00 7.991619006595648278e-01
3.592019176688900028e+00 7.763506889676233813e-01
3.991019969945104329e+00 7.533144839718397545e-01
4.434341693905757609e+00 7.299679653358855935e-01
4.926907508954771586e+00 7.063526917415067219e-01
5.474187439176361636e+00 6.815525128028757651e-01
6.082259117868763276e+00 6.581822258358073219e-01
6.757875280657863470e+00 6.332463870556553909e-01
7.508538755732770298e+00 6.052269793095252925e-01
8.342585783982197967e+00 5.798705424132688524e-01
9.269278594315466080e+00 5.547007864081319184e-01
1.029890826223216926e+01 5.276222109775341451e-01
1.144290899390182403e+01 4.992027103645604313e-01
1.271398510489687261e+01 4.647466828167982067e-01
1.412625210369881046e+01 4.324178333929808993e-01
1.569539344673266434e+01 3.979553513946095800e-01
1.743883470572038519e+01 3.595656656054765921e-01
1.937593708151010574e+01 3.199560645614900056e-01
2.152821241338382663e+01 2.780778327824532381e-01
2.391956207155746839e+01 2.357450931404901917e-01
2.657654238581347883e+01 1.975905518479455225e-01
2.952865955789426167e+01 1.603988697070216907e-01
3.280869733270722577e+01 1.240902685015667500e-01
3.645308106718379548e+01 9.153059031176061233e-02
4.050228223983634734e+01 6.476830969762550905e-02
4.500126789315846310e+01 4.351816637178577973e-02
4.999999999999999289e+01 2.916201039003898932e-02
