# (MpC, Arb. units). Upper 95% containment in MpC: 39.6
1.000000000000000056e-01 9.833689542195996891e-01
1.111079805989232394e-01 9.829684247533606589e-01
1.234498335277069980e-01 9.825234713363314443e-01
1.371626170853677273e-01 9.820291754558772013e-01
1.523986139801857265e-01 9.814800749953738190e-01
1.693270224541326696e-01 9.808701087412812214e-01
1.881358352570721149e-01 9.801925412908979451e-01
2.090339273370498407e-01 9.794399065264038917e-01
2.322533754308165610e-01 9.786039051830275337e-01
2.580520353140160483e-01 9.776753381023414180e-01
2.867164053318234651e-01 9.766439922163018261e-01
3.185648080100124679e-01 9.754985395539065296e-01
3.539509250787617467e-01 9.742264132761537798e-01
3.932677251662198281e-01 9.728136745574003097e-01
4.369518277795102490e-01 9.712448733871197337e-01
4.854883520358986293e-01 9.695028778817708082e-01
5.394163039900784495e-01 9.675687078892828419e-01
5.993345623847251558e-01 9.654213360354315654e-01
6.659085292970617909e-01 9.630374788893565352e-01
7.398775195379544423e-01 9.603913590150099377e-01
8.220629708640246891e-01 9.574544661856849714e-01
9.133775661785326072e-01 9.541952647137039722e-01
1.014835369024561063e+00 9.505789168110281295e-01
1.127563084926820114e+00 9.465669474570744812e-01
1.252812573641111982e+00 9.421169118925928343e-01
1.391974751262037291e+00 9.371820322804064185e-01
1.546595036574133886e+00 9.317108047039461827e-01
1.718390513180698909e+00 9.256466143048984740e-01
1.909268997998547990e+00 9.189273165754161532e-01
2.121350227877482286e+00 9.114848273018979485e-01
2.356989399625326609e+00 9.032447175619581214e-01
2.618803324854385828e+00 8.941257421125109461e-01
2.909699490103167197e+00 8.840397830026517356e-01
3.232908344950794266e+00 8.728914634547227935e-01
3.592019176688900028e+00 8.605779556475533498e-01
3.991019969945104329e+00 8.469891007080223577e-01
4.434341693905757609e+00 8.320077337300135767e-01
4.926907508954771586e+00 8.155103125849459955e-01
5.474187439176361636e+00 7.973676390124057045e-01
6.082259117868763276e+00 7.774479271157719307e-01
6.757875280657863470e+00 7.556181459550410651e-01
7.508538755732770298e+00 7.317480446187891729e-01
8.342585783982197967e+00 7.057150672780743150e-01
9.269278594315466080e+00 6.774108979999403646e-01
1.029890826223216926e+01 6.467498994978357896e-01
1.144290899390182403e+01 6.136797713340046423e-01
1.271398510489687261e+01 5.781945465655045080e-01
1.412625210369881046e+01 5.403499982928134937e-01
1.569539344673266434e+01 5.002810491661572323e-01
1.743883470572038519e+01 4.582203560573648304e-01
1.937593708151010574e+01 4.145164206459167611e-01
2.152821241338382663e+01 3.696487102064609509e-01
2.391956207155746839e+01 3.242347162474453759e-01
2.657654238581347883e+01 2.790160146561769250e-01
2.952865955789426167e+01 2.348781971986507178e-01
3.280869733270722577e+01 1.927792061623912756e-01
3.645308106718379548e+01 1.536837191499526856e-01
4.050228223983634734e+01 1.184853522765703937e-01
4.500126789315846310e+01 8.803004623448579258e-02
4.999999999999999289e+01 6.315909690052066983e-02
