# (MpC, Arb. units). Upper 95% containment in MpC: 36.6
1.000000000000000056e-01 1.000000000000000222e+00
1.111079805989232394e-01 9.994467712953366556e-01
1.234498335277069980e-01 9.988372913778026385e-01
1.371626170853677273e-01 9.981666304786471766e-01
1.523986139801857265e-01 9.974294143933307710e-01
1.693270224541326696e-01 9.966196711381236639e-01
1.881358352570721149e-01 9.957305856162290691e-01
2.090339273370498407e-01 9.947542343687180155e-01
2.322533754308165610e-01 9.936806699808731214e-01
2.580520353140160483e-01 9.924991111745464778e-01
2.867164053318234651e-01 9.911987371649769729e-01
3.185648080100124679e-01 9.897683962682397585e-01
3.539509250787617467e-01 9.882000159443306009e-01
3.932677251662198281e-01 9.864923364972650877e-01
4.369518277795102490e-01 9.846549604978211967e-01
4.854883520358986293e-01 9.827083547055245338e-01
5.394163039900784495e-01 9.806896707691943327e-01
5.993345623847251558e-01 9.786416740850554241e-01
6.659085292970617909e-01 9.766020046050915004e-01
7.398775195379544423e-01 9.745876781052598137e-01
8.220629708640246891e-01 9.725766174487092686e-01
9.133775661785326072e-01 9.704872796909763677e-01
1.014835369024561063e+00 9.681567565194484359e-01
1.127563084926820114e+00 9.653201314684781709e-01
1.252812573641111982e+00 9.615990818670452356e-01
1.391974751262037291e+00 9.565096710032900962e-01
1.546595036574133886e+00 9.495500756399440911e-01
1.718390513180698909e+00 9.402379833973996126e-01
1.909268997998547990e+00 9.282093931740379444e-01
2.121350227877482286e+00 9.128706809009839995e-01
2.356989399625326609e+00 8.947126680768566764e-01
2.618803324854385828e+00 8.738368713886524031e-01
2.909699490103167197e+00 8.507832885686332780e-01
3.232908344950794266e+00 8.252243591330497008e-01
3.592019176688900028e+00 7.988654206364945720e-01
3.991019969945104329e+00 7.724107777416978626e-01
4.434341693905757609e+00 7.460335382169711593e-01
4.926907508954771586e+00 7.198620375764148704e-01
5.474187439176361636e+00 6.929446704532810086e-01
6.082259117868763276e+00 6.678089325779148488e-01
6.757875280657863470e+00 6.413756097131475542e-01
7.508538755732770298e+00 6.120678546965543365e-01
8.342585783982197967e+00 5.855942617801302985e-01
9.269278594315466080e+00 5.594618154633244078e-01
1.029890826223216926e+01 5.315637879126466903e-01
1.144290899390182403e+01 5.024551510944005317e-01
1.271398510489687261e+01 4.674291873249864504e-01
1.412625210369881046e+01 4.346280755355205749e-01
1.569539344673266434e+01 3.997774344069568442e-01
1.743883470572038519e+01 3.610691451462846868e-01
1.937593708151010574e+01 3.211946810889009241e-01
2.152821241338382663e+01 2.790946535028134279e-01
2.391956207155746839e+01 2.365734446752842390e-01
2.657654238581347883e+01 1.982548151648645396e-01
2.952865955789426167e+01 1.609224403369747536e-01
3.280869733270722577e+01 1.244949526245777149e-01
3.645308106718379548e+01 9.183544778604309233e-02
4.050228223983634734e+01 6.499042879434292763e-02
4.500126789315846310e+01 4.367424564434430750e-02
4.999999999999999289e+01 2.926711392527595046e-02
