# (MpC, Arb. units). Upper 95% containment in MpC: 3.2
1.000000000000000056e-01 1.000000000000000000e+00
1.111079805989232394e-01 9.981608509808544971e-01
1.234498335277069980e-01 9.961186831299899680e-01
1.371626170853677273e-01 9.938516391258538363e-01
1.523986139801857265e-01 9.913355365723650614e-01
1.693270224541326696e-01 9.885436595720556996e-01
1.881358352570721149e-01 9.854465042896448645e-01
2.090339273370498407e-01 9.820116693532133789e-01
2.322533754308165610e-01 9.782018863754450289e-01
2.580520353140160483e-01 9.739780096068926252e-01
2.867164053318234651e-01 9.692992505300009887e-01
3.185648080100124679e-01 9.641169966032565597e-01
3.539509250787617467e-01 9.583734946145351374e-01
3.932677251662198281e-01 9.519958291305175013e-01
4.369518277795102490e-01 9.448871450076720135e-01
4.854883520358986293e-01 9.369102623309550903e-01
5.394163039900784495e-01 9.278931790409111757e-01
5.993345623847251558e-01 9.176082613108003105e-01
6.659085292970617909e-01 9.057636079562076947e-01
7.398775195379544423e-01 8.919748594602270320e-01
8.220629708640246891e-01 8.756932895070393963e-01
9.133775661785326072e-01 8.560724029824479109e-01
1.014835369024561063e+00 8.317932046292051407e-01
1.127563084926820114e+00 8.009372167063324444e-01
1.252812573641111982e+00 7.610668811058854955e-01
1.391974751262037291e+00 7.096780742593482572e-01
1.546595036574133886e+00 6.450644153808621217e-01
1.718390513180698909e+00 5.673750838568052401e-01
1.909268997998547990e+00 4.793814801289198457e-01
2.121350227877482286e+00 3.864227715900797056e-01
2.356989399625326609e+00 2.953528917109231600e-01
2.618803324854385828e+00 2.128104388321346019e-01
2.909699490103167197e+00 1.437256701636321909e-01
3.232908344950794266e+00 9.056098052623792749e-02
3.592019176688900028e+00 5.275903996255568856e-02
3.991019969945104329e+00 2.876793167180833818e-02
4.434341693905757609e+00 1.560963497400012778e-02
4.926907508954771586e+00 9.251995984723902083e-03
5.474187439176361636e+00 6.160134036418147413e-03
6.082259117868763276e+00 4.408218427137747253e-03
6.757875280657863470e+00 3.246017954490660901e-03
7.508538755732770298e+00 2.389516925975489377e-03
8.342585783982197967e+00 1.741636884584876234e-03
9.269278594315466080e+00 1.243400191642034464e-03
1.029890826223216926e+01 8.640624455336504139e-04
1.144290899390182403e+01 5.824742971276420777e-04
1.271398510489687261e+01 3.792169803008975685e-04
1.412625210369881046e+01 2.381234850011892175e-04
1.569539344673266434e+01 1.438867074920167921e-04
1.743883470572038519e+01 8.367025407827124333e-05
1.937593708151010574e+01 4.698284983403780933e-05
2.152821241338382663e+01 2.563612519558391072e-05
2.391956207155746839e+01 1.370286256228853590e-05
2.657654238581347883e+01 7.227451538363475400e-06
2.952865955789426167e+01 3.784626611512250180e-06
3.280869733270722577e+01 1.962804550275835711e-06
3.645308106718379548e+01 9.999623533263411227e-07
4.050228223983634734e+01 4.946589870808940702e-07
4.500126789315846310e+01 2.361118967992679754e-07
4.999999999999999289e+01 1.100814896815909801e-07
