# (MpC, Arb. units). Upper 95% containment in MpC: 3.0
1.000000000000000056e-01 1.000000000000000000e+00
1.111079805989232394e-01 9.981311979807984125e-01
1.234498335277069980e-01 9.960551356353849473e-01
1.371626170853677273e-01 9.937491819619769240e-01
1.523986139801857265e-01 9.911881997585862969e-01
1.693270224541326696e-01 9.883442926013152885e-01
1.881358352570721149e-01 9.851864970029940993e-01
2.090339273370498407e-01 9.816806151949329928e-01
2.322533754308165610e-01 9.777871924287119265e-01
2.580520353140160483e-01 9.734644275111568046e-01
2.867164053318234651e-01 9.686683417143460151e-01
3.185648080100124679e-01 9.633465865340360423e-01
3.539509250787617467e-01 9.574370745589735332e-01
3.932677251662198281e-01 9.508618917910267587e-01
4.369518277795102490e-01 9.435183420638573182e-01
4.854883520358986293e-01 9.352621359720644234e-01
5.394163039900784495e-01 9.259117270255262655e-01
5.993345623847251558e-01 9.152255115111921357e-01
6.659085292970617909e-01 9.028896829751619224e-01
7.398775195379544423e-01 8.884851790458412335e-01
8.220629708640246891e-01 8.714108975808478874e-01
9.133775661785326072e-01 8.507490410133070613e-01
1.014835369024561063e+00 8.250991297481657938e-01
1.127563084926820114e+00 7.924768553939932625e-01
1.252812573641111982e+00 7.504394650244530229e-01
1.391974751262037291e+00 6.965910087910922588e-01
1.546595036574133886e+00 6.294783681372787543e-01
1.718390513180698909e+00 5.496241355209805501e-01
1.909268997998547990e+00 4.601959941265957310e-01
2.121350227877482286e+00 3.668128000804285471e-01
2.356989399625326609e+00 2.763808532980435717e-01
2.618803324854385828e+00 1.953485056284562926e-01
2.909699490103167197e+00 1.283068962962898851e-01
3.232908344950794266e+00 7.736066548258287157e-02
3.592019176688900028e+00 4.168802288410700801e-02
3.991019969945104329e+00 1.960279602161463589e-02
4.434341693905757609e+00 8.094793114745838999e-03
4.926907508954771586e+00 3.151385802899982647e-03
5.474187439176361636e+00 1.269861547302958329e-03
6.082259117868763276e+00 5.495106631848550296e-04
6.757875280657863470e+00 2.581586882350696060e-04
7.508538755732770298e+00 1.254544099459071311e-04
8.342585783982197967e+00 6.717805409428669386e-05
9.269278594315466080e+00 3.802161665232806450e-05
1.029890826223216926e+01 2.193501127700545847e-05
1.144290899390182403e+01 1.313232476844616581e-05
1.271398510489687261e+01 7.725109563174794582e-06
1.412625210369881046e+01 4.669065830159102262e-06
1.569539344673266434e+01 2.737244671608601823e-06
1.743883470572038519e+01 1.518157676928803096e-06
1.937593708151010574e+01 8.291362868460775461e-07
2.152821241338382663e+01 4.735099392008151005e-07
2.391956207155746839e+01 2.896563908334787211e-07
2.657654238581347883e+01 1.870669672579776512e-07
2.952865955789426167e+01 1.206802859784325273e-07
3.280869733270722577e+01 7.285729239321654566e-08
3.645308106718379548e+01 4.221705988476401241e-08
4.050228223983634734e+01 2.493043568881112869e-08
4.500126789315846310e+01 1.653798430300749194e-08
4.999999999999999289e+01 1.278208094601826031e-08
