# (MpC, Arb. units). Upper 95% containment in MpC: 0.9
1.000000000000000056e-01 1.000000000000000000e+00
1.111079805989232394e-01 9.565805904720096065e-01
1.234498335277069980e-01 9.103876444678850044e-01
1.371626170853677273e-01 8.615049541279876655e-01
1.523986139801857265e-01 8.100845493256102481e-01
1.693270224541326696e-01 7.563574842138293119e-01
1.881358352570721149e-01 7.006422475296214536e-01
2.090339273370498407e-01 6.433530370642879248e-01
2.322533754308165610e-01 5.849893096468105069e-01
2.580520353140160483e-01 5.261600613259209691e-01
2.867164053318234651e-01 4.675763974552974434e-01
3.185648080100124679e-01 4.100030995301819914e-01
3.539509250787617467e-01 3.542477594870045432e-01
3.932677251662198281e-01 3.011253440150432059e-01
4.369518277795102490e-01 2.514153390882082340e-01
4.854883520358986293e-01 2.057935479179265614e-01
5.394163039900784495e-01 1.648438294856680031e-01
5.993345623847251558e-01 1.289602054967597111e-01
6.659085292970617909e-01 9.832743137001331846e-02
7.398775195379544423e-01 7.290996996882047332e-02
8.220629708640246891e-01 5.245902272231747765e-02
9.133775661785326072e-01 3.654085100766466671e-02
1.014835369024561063e+00 2.458383722965323467e-02
1.127563084926820114e+00 1.593699744843692437e-02
1.252812573641111982e+00 9.931326664815259136e-03
1.391974751262037291e+00 5.934516968415779782e-03
1.546595036574133886e+00 3.391782139310783265e-03
1.718390513180698909e+00 1.849015198037005925e-03
1.909268997998547990e+00 9.585037572308381269e-04
2.121350227877482286e+00 4.708213450110955499e-04
2.356989399625326609e+00 2.182027782361724137e-04
2.618803324854385828e+00 9.476000848850180624e-05
2.909699490103167197e+00 3.838157560559324300e-05
3.232908344950794266e+00 1.441410592023745813e-05
3.592019176688900028e+00 4.978069499993617328e-06
3.991019969945104329e+00 1.566392491633225442e-06
4.434341693905757609e+00 4.444273522180478199e-07
4.926907508954771586e+00 1.123436444732958148e-07
5.474187439176361636e+00 2.486048494761334951e-08
6.082259117868763276e+00 4.772090387589716970e-09
6.757875280657863470e+00 7.826804903334099742e-10
7.508538755732770298e+00 1.078531260889414218e-10
8.342585783982197967e+00 1.225015273898345091e-11
9.269278594315466080e+00 1.121448136790587781e-12
1.029890826223216926e+01 8.053028344706377420e-14
1.144290899390182403e+01 4.384181348848547001e-15
1.271398510489687261e+01 1.731715346763415442e-16
1.412625210369881046e+01 4.695057597103725821e-18
1.569539344673266434e+01 8.311965261920299633e-20
1.743883470572038519e+01 1.319691619384698635e-21
1.937593708151010574e+01 1.030215977532757723e-22
2.152821241338382663e+01 1.150320489962697672e-23
2.391956207155746839e+01 2.413434990437984048e-23
2.657654238581347883e+01 1.217305462736101428e-23
2.952865955789426167e+01 3.035940367566947306e-24
3.280869733270722577e+01 4.823157866740586089e-25
3.645308106718379548e+01 1.011284440757942328e-24
4.050228223983634734e+01 6.275137222905568755e-25
4.500126789315846310e+01 2.396384920393161946e-25
4.999999999999999289e+01 3.738923434024890162e-26
