# (MpC, Arb. units). Upper 95% containment in MpC: 28.3
1.000000000000000056e-01 9.753936490228356515e-01
1.111079805989232394e-01 9.745364335217506779e-01
1.234498335277069980e-01 9.735846749962934199e-01
1.371626170853677273e-01 9.725280307211309205e-01
1.523986139801857265e-01 9.713550440532014996e-01
1.693270224541326696e-01 9.700530379064548070e-01
1.881358352570721149e-01 9.686079692740878766e-01
2.090339273370498407e-01 9.670043269340202752e-01
2.322533754308165610e-01 9.652249311766117890e-01
2.580520353140160483e-01 9.632508275066024028e-01
2.867164053318234651e-01 9.610610813525741758e-01
3.185648080100124679e-01 9.586325934989681219e-01
3.539509250787617467e-01 9.559398943185638542e-01
3.932677251662198281e-01 9.529549254358871124e-01
4.369518277795102490e-01 9.496468235359944998e-01
4.854883520358986293e-01 9.459816361059359968e-01
5.394163039900784495e-01 9.419221384597369351e-01
5.993345623847251558e-01 9.374275214343014140e-01
6.659085292970617909e-01 9.324531367611612609e-01
7.398775195379544423e-01 9.269502190912577433e-01
8.220629708640246891e-01 9.208656534892475376e-01
9.133775661785326072e-01 9.141416914409765671e-01
1.014835369024561063e+00 9.067157735286950349e-01
1.127563084926820114e+00 8.985203197247092488e-01
1.252812573641111982e+00 8.894826319103680268e-01
1.391974751262037291e+00 8.795248607064994895e-01
1.546595036574133886e+00 8.685640645735347443e-01
1.718390513180698909e+00 8.565124657930889285e-01
1.909268997998547990e+00 8.432778506739145863e-01
2.121350227877482286e+00 8.287642352601118922e-01
2.356989399625326609e+00 8.128727804542161817e-01
2.618803324854385828e+00 7.955024978476904485e-01
2.909699490103167197e+00 7.765539522049418331e-01
3.232908344950794266e+00 7.559305088687652274e-01
3.592019176688900028e+00 7.335408347983690680e-01
3.991019969945104329e+00 7.093031124856925551e-01
4.434341693905757609e+00 6.831496757160558930e-01
4.926907508954771586e+00 6.550322927217779867e-01
5.474187439176361636e+00 6.249266001914316471e-01
6.082259117868763276e+00 5.928467221501100282e-01
6.757875280657863470e+00 5.588466672155238957e-01
7.508538755732770298e+00 5.230315417624357144e-01
8.342585783982197967e+00 4.855666897879706845e-01
9.269278594315466080e+00 4.466864016763091860e-01
1.029890826223216926e+01 4.067011834773763823e-01
1.144290899390182403e+01 3.660023983271376014e-01
1.271398510489687261e+01 3.250626447290366206e-01
1.412625210369881046e+01 2.844302256845610000e-01
1.569539344673266434e+01 2.447158729138181887e-01
1.743883470572038519e+01 2.065703457162526846e-01
1.937593708151010574e+01 1.706522311243329759e-01
2.152821241338382663e+01 1.375867196588058949e-01
2.391956207155746839e+01 1.079162189912762915e-01
2.657654238581347883e+01 8.203987285198063861e-02
2.952865955789426167e+01 6.021849048192578352e-02
3.280869733270722577e+01 4.249467329849382358e-02
3.645308106718379548e+01 2.868979479626869444e-02
4.050228223983634734e+01 1.843202828516514458e-02
4.500126789315846310e+01 1.122017319440653943e-02
4.999999999999999289e+01 6.485633409502714053e-03
