# (MpC, Arb. units). Upper 95% containment in MpC: 9.9
1.000000000000000056e-01 1.000000000000000000e+00
1.111079805989232394e-01 9.758027825901027796e-01
1.234498335277069980e-01 9.501559713812651742e-01
1.371626170853677273e-01 9.231032617480974256e-01
1.523986139801857265e-01 8.947159805406691424e-01
1.693270224541326696e-01 8.650953323793196814e-01
1.881358352570721149e-01 8.343728389230407050e-01
2.090339273370498407e-01 8.027104094486259278e-01
2.322533754308165610e-01 7.702906354420721025e-01
2.580520353140160483e-01 7.373257272020148356e-01
2.867164053318234651e-01 7.040496482869355033e-01
3.185648080100124679e-01 6.706924330205681350e-01
3.539509250787617467e-01 6.374762093011430153e-01
3.932677251662198281e-01 6.046020431382309601e-01
4.369518277795102490e-01 5.722373694212805617e-01
4.854883520358986293e-01 5.404967384460395152e-01
5.394163039900784495e-01 5.094620289138678260e-01
5.993345623847251558e-01 4.791587167503456035e-01
6.659085292970617909e-01 4.495697476904508827e-01
7.398775195379544423e-01 4.206530259934220251e-01
8.220629708640246891e-01 3.923637431607411852e-01
9.133775661785326072e-01 3.646785740555198996e-01
1.014835369024561063e+00 3.376171304703141085e-01
1.127563084926820114e+00 3.112540754041905888e-01
1.252812573641111982e+00 2.857177470744402537e-01
1.391974751262037291e+00 2.611732513162000613e-01
1.546595036574133886e+00 2.377926868124918824e-01
1.718390513180698909e+00 2.157197424703272692e-01
1.909268997998547990e+00 1.950384266109384535e-01
2.121350227877482286e+00 1.757559320688916460e-01
2.356989399625326609e+00 1.578049096028636689e-01
2.618803324854385828e+00 1.410613210089571301e-01
2.909699490103167197e+00 1.253981828047674163e-01
3.232908344950794266e+00 1.107018358400202046e-01
3.592019176688900028e+00 9.689800914442601998e-02
3.991019969945104329e+00 8.396522540570203197e-02
4.434341693905757609e+00 7.192680937854377399e-02
4.926907508954771586e+00 6.083224347798964204e-02
5.474187439176361636e+00 5.073420353456177534e-02
6.082259117868763276e+00 4.168462297003659722e-02
6.757875280657863470e+00 3.370969611482296791e-02
7.508538755732770298e+00 2.681009028382001433e-02
8.342585783982197967e+00 2.095928459635026941e-02
9.269278594315466080e+00 1.610396035651756597e-02
1.029890826223216926e+01 1.216605254659736471e-02
1.144290899390182403e+01 9.046785455867531120e-03
1.271398510489687261e+01 6.632930893961408794e-03
1.412625210369881046e+01 4.804919941133081566e-03
1.569539344673266434e+01 3.445670465660979898e-03
1.743883470572038519e+01 2.448556827746127887e-03
1.937593708151010574e+01 1.723053251032980859e-03
2.152821241338382663e+01 1.197227689397679278e-03
2.391956207155746839e+01 8.171174214802224851e-04
2.657654238581347883e+01 5.437440973521132179e-04
2.952865955789426167e+01 3.500773468574421986e-04
3.280869733270722577e+01 2.162320769541625103e-04
3.645308106718379548e+01 1.270141571249901570e-04
4.050228223983634734e+01 7.033262841725656275e-05
4.500126789315846310e+01 3.646723997537967095e-05
4.999999999999999289e+01 1.774266062110531897e-05
