# (MpC, Arb. units). Upper 95% containment in MpC: 27.9
1.000000000000000056e-01 9.999999999999998890e-01
1.111079805989232394e-01 9.876154599104491894e-01
1.234498335277069980e-01 9.740048722821693650e-01
1.371626170853677273e-01 9.590809576983488904e-01
1.523986139801857265e-01 9.427598676498853969e-01
1.693270224541326696e-01 9.249642483056728093e-01
1.881358352570721149e-01 9.056263781951895409e-01
2.090339273370498407e-01 8.846924133349356456e-01
2.322533754308165610e-01 8.621239785445268256e-01
2.580520353140160483e-01 8.379059728434049559e-01
2.867164053318234651e-01 8.120509956052540668e-01
3.185648080100124679e-01 7.845975922388642720e-01
3.539509250787617467e-01 7.556142144181329234e-01
3.932677251662198281e-01 7.251998407716587769e-01
4.369518277795102490e-01 6.934834154657500971e-01
4.854883520358986293e-01 6.606161337037981252e-01
5.394163039900784495e-01 6.267844925512080501e-01
5.993345623847251558e-01 5.921948452604036683e-01
6.659085292970617909e-01 5.570741842241231367e-01
7.398775195379544423e-01 5.216707700465427200e-01
8.220629708640246891e-01 4.862558162896440939e-01
9.133775661785326072e-01 4.511254056630157327e-01
1.014835369024561063e+00 4.166014840706682709e-01
1.127563084926820114e+00 3.830280211813058000e-01
1.252812573641111982e+00 3.507598875461377386e-01
1.391974751262037291e+00 3.201420307916915120e-01
1.546595036574133886e+00 2.914795927785726048e-01
1.718390513180698909e+00 2.650033280864947383e-01
1.909268997998547990e+00 2.408376085473506456e-01
2.121350227877482286e+00 2.189804535444351830e-01
2.356989399625326609e+00 1.993023904331278073e-01
2.618803324854385828e+00 1.815631753567968631e-01
2.909699490103167197e+00 1.654772684650988035e-01
3.232908344950794266e+00 1.507376765491943160e-01
3.592019176688900028e+00 1.370647468315567274e-01
3.991019969945104329e+00 1.242449855144607956e-01
4.434341693905757609e+00 1.121438759493219306e-01
4.926907508954771586e+00 1.007005411401363515e-01
5.474187439176361636e+00 8.990879123866854505e-02
6.082259117868763276e+00 7.980644888715704433e-02
6.757875280657863470e+00 7.044211851189971507e-02
7.508538755732770298e+00 6.186224458231322915e-02
8.342585783982197967e+00 5.409796068819634762e-02
9.269278594315466080e+00 4.715663713820082703e-02
1.029890826223216926e+01 4.101799500623702632e-02
1.144290899390182403e+01 3.563453310988248107e-02
1.271398510489687261e+01 3.093573276232409325e-02
1.412625210369881046e+01 2.683520132869092467e-02
1.569539344673266434e+01 2.323958013724061397e-02
1.743883470572038519e+01 2.005789084601551295e-02
1.937593708151010574e+01 1.720995468669722292e-02
2.152821241338382663e+01 1.463268100750002298e-02
2.391956207155746839e+01 1.228324245970555464e-02
2.657654238581347883e+01 1.013829945572119681e-02
2.952865955789426167e+01 8.193859820967236418e-03
3.280869733270722577e+01 6.456654373734978768e-03
3.645308106718379548e+01 4.938041796332678403e-03
4.050228223983634734e+01 3.648003978991469411e-03
4.500126789315846310e+01 2.593793098725252853e-03
4.999999999999999289e+01 1.779888591754118449e-03
