# (MpC, Arb. units). Upper 95% containment in MpC: 1.2
1.000000000000000056e-01 1.000000000000000000e+00
1.111079805989232394e-01 9.696015572882787925e-01
1.234498335277069980e-01 9.365905609732979586e-01
1.371626170853677273e-01 9.008820181560630580e-01
1.523986139801857265e-01 8.624286115048808155e-01
1.693270224541326696e-01 8.212325331305503351e-01
1.881358352570721149e-01 7.773573746530064721e-01
2.090339273370498407e-01 7.309420326717577243e-01
2.322533754308165610e-01 6.822046981183842451e-01
2.580520353140160483e-01 6.314674531346349262e-01
2.867164053318234651e-01 5.791657631620164004e-01
3.185648080100124679e-01 5.258314643080869155e-01
3.539509250787617467e-01 4.720948928095529129e-01
3.932677251662198281e-01 4.186697593272988294e-01
4.369518277795102490e-01 3.663284529391558353e-01
4.854883520358986293e-01 3.158499925333091984e-01
5.394163039900784495e-01 2.680264525369045470e-01
5.993345623847251558e-01 2.235729311386772389e-01
6.659085292970617909e-01 1.830882675204310861e-01
7.398775195379544423e-01 1.470155706414597585e-01
8.220629708640246891e-01 1.156121366310199766e-01
9.133775661785326072e-01 8.893540228926101465e-02
1.014835369024561063e+00 6.684845238166059467e-02
1.127563084926820114e+00 4.904380846019950474e-02
1.252812573641111982e+00 3.508248848862179775e-02
1.391974751262037291e+00 2.444190393905091435e-02
1.546595036574133886e+00 1.656542464697485090e-02
1.718390513180698909e+00 1.090686120295859818e-02
1.909268997998547990e+00 6.964821478740832079e-03
2.121350227877482286e+00 4.304697879378414395e-03
2.356989399625326609e+00 2.568356245673933391e-03
2.618803324854385828e+00 1.473322242638796208e-03
2.909699490103167197e+00 8.099100597544745374e-04
3.232908344950794266e+00 4.248621469162316478e-04
3.592019176688900028e+00 2.114919682781185042e-04
3.991019969945104329e+00 9.924508976231127474e-05
4.434341693905757609e+00 4.356325483009761205e-05
4.926907508954771586e+00 1.771669160646998425e-05
5.474187439176361636e+00 6.584482314540980699e-06
6.082259117868763276e+00 2.206884680673792589e-06
6.757875280657863470e+00 6.527447059937471813e-07
7.508538755732770298e+00 1.645268016191304420e-07
8.342585783982197967e+00 3.304778934886343139e-08
9.269278594315466080e+00 4.452828682724365391e-09
1.029890826223216926e+01 1.509443470446431766e-10
1.144290899390182403e+01 1.121257091750345998e-10
1.271398510489687261e+01 4.707036696897640107e-11
1.412625210369881046e+01 1.211837398762317041e-11
1.569539344673266434e+01 1.147048975357865170e-11
1.743883470572038519e+01 4.306326365812430434e-12
1.937593708151010574e+01 2.334736790242873628e-13
2.152821241338382663e+01 6.399807535827224881e-13
2.391956207155746839e+01 4.707981866986795223e-13
2.657654238581347883e+01 1.838726167572720486e-13
2.952865955789426167e+01 2.587420619984597444e-14
3.280869733270722577e+01 2.295809540840555562e-14
3.645308106718379548e+01 2.532883117982592997e-14
4.050228223983634734e+01 1.410761302875959505e-14
4.500126789315846310e+01 4.968734806113771120e-15
4.999999999999999289e+01 3.094404093535852175e-16
